"";"x"
"(Intercept)";-150,134775893246
"BlueTeamChampionAmumu";93,1285779313417
"BlueTeamChampionAnnie";169,749348824595
"BlueTeamChampionAshe";311,965162964239
"BlueTeamChampionBard";231,521278458262
"BlueTeamChampionBlitzcrank";15,398210286941
"BlueTeamChampionBraum";99,4952702200637
"BlueTeamChampionCamille";-401,056703842226
"BlueTeamChampionChogath";601,519676053926
"BlueTeamChampionElise";458,949710262661
"BlueTeamChampionFiddleSticks";-26,1468052681549
"BlueTeamChampionGalio";196,014224737926
"BlueTeamChampionGragas";201,813804049681
"BlueTeamChampionHwei";978,454164719113
"BlueTeamChampionJanna";-18,3492078207064
"BlueTeamChampionKarma";319,743078394037
"BlueTeamChampionLeblanc";50,866344360639
"BlueTeamChampionLeeSin";299,78233252938
"BlueTeamChampionLeona";30,3754890267046
"BlueTeamChampionLulu";59,4545021087982
"BlueTeamChampionLux";-342,366250508396
"BlueTeamChampionMaokai";268,996874716553
"BlueTeamChampionMilio";-196,249166347011
"BlueTeamChampionMonkeyKing";738,737727018616
"BlueTeamChampionMorgana";969,825618616271
"BlueTeamChampionNami";199,34496570524
"BlueTeamChampionNautilus";61,9999271590623
"BlueTeamChampionNeeko";277,658981481742
"BlueTeamChampionPantheon";178,925901424233
"BlueTeamChampionPoppy";156,810972670077
"BlueTeamChampionPyke";460,863176767035
"BlueTeamChampionRakan";101,362724076116
"BlueTeamChampionRell";41,6583813247178
"BlueTeamChampionRenata";64,5226189715991
"BlueTeamChampionSejuani";-244,383568366708
"BlueTeamChampionSenna";21,8960495011592
"BlueTeamChampionSeraphine";159,574851045487
"BlueTeamChampionSett";237,622203381208
"BlueTeamChampionShen";253,141913860403
"BlueTeamChampionSona";-479,888171872509
"BlueTeamChampionSoraka";-105,492302732258
"BlueTeamChampionTahmKench";-9,95130300565981
"BlueTeamChampionTaric";14,2037999129002
"BlueTeamChampionThresh";4,04259059048
"BlueTeamChampionVeigar";-222,509054093188
"BlueTeamChampionYuumi";37,5417462699519
"BlueTeamChampionZac";8,83608610004477
"BlueTeamChampionZilean";186,217535711222
"BlueTeamChampionZyra";265,61352553974
"RedTeamChampionAmumu";-110,174213892036
"RedTeamChampionAnnie";-360,598465136113
"RedTeamChampionAshe";-180,828609258706
"RedTeamChampionBard";-79,9640746663305
"RedTeamChampionBlitzcrank";73,6788218137859
"RedTeamChampionBraum";-106,931676507554
"RedTeamChampionCamille";-257,976127468407
"RedTeamChampionElise";-368,563817795708
"RedTeamChampionFiddleSticks";-233,542692841007
"RedTeamChampionGalio";-152,615133246588
"RedTeamChampionGragas";-231,848827690217
"RedTeamChampionJanna";-456,574973081652
"RedTeamChampionKarma";-137,568829292854
"RedTeamChampionKennen";137,691020453133
"RedTeamChampionLeblanc";472,177791841118
"RedTeamChampionLeona";13,2587300428287
"RedTeamChampionLulu";-145,047737691378
"RedTeamChampionLux";-211,399241701625
"RedTeamChampionMaokai";-38,7352598646139
"RedTeamChampionMel";201,772051817121
"RedTeamChampionMilio";-180,032618833134
"RedTeamChampionNami";248,341041920138
"RedTeamChampionNautilus";-33,90895272167
"RedTeamChampionNeeko";-101,772276114556
"RedTeamChampionNidalee";-927,193458011556
"RedTeamChampionOrnn";-785,087907807347
"RedTeamChampionPantheon";-228,854642580219
"RedTeamChampionPoppy";-42,5530931626416
"RedTeamChampionPyke";-417,73800016713
"RedTeamChampionRakan";-81,4612771834458
"RedTeamChampionRell";-54,2045547064491
"RedTeamChampionRenata";-158,87486762084
"RedTeamChampionSenna";-551,017027344852
"RedTeamChampionSeraphine";-412,292906138753
"RedTeamChampionShen";-867,711007547603
"RedTeamChampionSoraka";-229,040225131812
"RedTeamChampionTahmKench";252,354942815036
"RedTeamChampionTaric";855,912757146498
"RedTeamChampionThresh";-28,4981096267011
"RedTeamChampionYuumi";334,731746194261
"RedTeamChampionZac";-133,829716490368
"RedTeamChampionZilean";6,7135334404011
"RedTeamChampionZyra";56,3009288821661
"BlueTeamPlayer1M Frozenn1";1165,38937780057
"BlueTeamPlayer1M Leo S Man";1223,89396503154
"BlueTeamPlayer5M Profirio";237,001451970666
"BlueTeamPlayer7D Max";-346,60859490693
"BlueTeamPlayerAFW HungryPanda";1615,41554786414
"BlueTeamPlayerALKael";-9,90174851289916
"BlueTeamPlayerAMI Pockus";156,283302767406
"BlueTeamPlayerANB B Butcher";1234,20979702193
"BlueTeamPlayerANB Klownz";1324,81861169765
"BlueTeamPlayerANB uden";1227,67615648827
"BlueTeamPlayerANC Paulcannon";-40,3515525925678
"BlueTeamPlayerAOMA Stookbeer";185,481167351552
"BlueTeamPlayerAOMA Urban";21,9123956199243
"BlueTeamPlayerAPM Roo";1022,0529450975
"BlueTeamPlayerAPM Xavi";1117,33393672416
"BlueTeamPlayerARA Ducks";658,588130856374
"BlueTeamPlayerARA Ipecacuhana";-451,22438126161
"BlueTeamPlayerAXL justcan";274,603985346098
"BlueTeamPlayerB2TG Czypsy";973,076243256671
"BlueTeamPlayerBAM Biskoo";964,806833035645
"BlueTeamPlayerBAM Goliath";1287,08952323603
"BlueTeamPlayerBAM Klownz";2069,04770775749
"BlueTeamPlayerBAR whiteinn";935,215674584714
"BlueTeamPlayerBCT Enapon";124,187768293979
"BlueTeamPlayerBCT JustFocus";163,802728734807
"BlueTeamPlayerBDG Kasing";910,340138781906
"BlueTeamPlayerBDS Parus";144,400350188788
"BlueTeamPlayerBDSA Myrtus";1292,54494413787
"BlueTeamPlayerBE5 Lauxio";1304,10927029653
"BlueTeamPlayerBER Lunatik";-141,807401164182
"BlueTeamPlayerBFX Career";-241,686240187063
"BlueTeamPlayerBFX Kellin";-159,516296866803
"BlueTeamPlayerBGT Patch";1589,94649752377
"BlueTeamPlayerBIG LIMIT";1471,44173020115
"BlueTeamPlayerBJK Paixdia";1500,7886697322
"BlueTeamPlayerBKD anakin";-508,952551775654
"BlueTeamPlayerBKR Doss";1385,25655017467
"BlueTeamPlayerBLDP Baut";1421,66987502714
"BlueTeamPlayerBLDP Mxe";1380,2780844322
"BlueTeamPlayerBLDP Nash";1870,00324921645
"BlueTeamPlayerBLGON";-159,127180430195
"BlueTeamPlayerBLUE rovex";320,181494684913
"BlueTeamPlayerBRO Kice";-385,298454632412
"BlueTeamPlayerBRO Pollu";-308,820847217191
"BlueTeamPlayerBRT Mita";1290,29015017624
"BlueTeamPlayerBVL Fake1";782,404632128134
"BlueTeamPlayerBVL GOODTRY";379,214225577754
"BlueTeamPlayerBVL Snow Panda";-502,435744936466
"BlueTeamPlayerBW monkaS";1288,93763288329
"BlueTeamPlayerBWE manuemdo";1187,67551755899
"BlueTeamPlayerC9 Vulcan";74,8862183759614
"BlueTeamPlayerCBC Biob";243,568203824879
"BlueTeamPlayerCCG Breezy";387,500224925722
"BlueTeamPlayerCFO Kaiwing";141,482178601098
"BlueTeamPlayerCFOA 2274";-639,032501525233
"BlueTeamPlayerCG Seneca";73,4103110220806
"BlueTeamPlayerCGN Lucky";1130,13860235626
"BlueTeamPlayerCHF Luon";42,5563416335081
"BlueTeamPlayerCK GOMAMUGICHA";-965,738860598174
"BlueTeamPlayerCK Ls ";-537,548731817194
"BlueTeamPlayerCKZ Kotva";539,295165139133
"BlueTeamPlayerCNA Burence";NA
"BlueTeamPlayerCNA Shyr0";102,976606523576
"BlueTeamPlayerCNV Minui";530,82235387304
"BlueTeamPlayerCRZ NoDu";295,725184271007
"BlueTeamPlayerCZV Sekkou";1408,82675807904
"BlueTeamPlayerDCG ShiauC";-91,0067124589634
"BlueTeamPlayerDFM Harp";-103,275747160878
"BlueTeamPlayerDFMA kurahuto";-163,164530443291
"BlueTeamPlayerDG toraneko";-40,0602786162957
"BlueTeamPlayerDIG Isles";-71,6459670395321
"BlueTeamPlayerDINO Callian";121,613059368864
"BlueTeamPlayerDK Berr";-165,054191323771
"BlueTeamPlayerDK BeryL";4,02182309116418
"BlueTeamPlayerDK Thumb";-765,570737168483
"BlueTeamPlayerDM Charley";190,625285125218
"BlueTeamPlayerDMG Calmsky";855,468395252615
"BlueTeamPlayerDND Efias";1305,93076374769
"BlueTeamPlayerDND Lucky";1776,66516101021
"BlueTeamPlayerDNE Furby";1215,03410653385
"BlueTeamPlayerDNE Kolios";684,448047391031
"BlueTeamPlayerDNET Marlley";1590,99039452257
"BlueTeamPlayerDNF Life";49,972621811449
"BlueTeamPlayerDNF Minous";-458,553448976565
"BlueTeamPlayerDNF Quantum ";18,1910609317936
"BlueTeamPlayerDOC smifi";1423,84690008061
"BlueTeamPlayerDPM Bulas";157,949059489094
"BlueTeamPlayerDRX Andil";-207,923238004323
"BlueTeamPlayerDRX Pleata";-128,13078289837
"BlueTeamPlayerDSG huhi";-53,2129059809321
"BlueTeamPlayerDVG TIMR";1787,47479283789
"BlueTeamPlayerDVKM Vander";1126,60144889704
"BlueTeamPlayerDVX AwerpiS";1294,02658507454
"BlueTeamPlayerDZ Cryogen";9,02380491751529
"BlueTeamPlayerDZ Zyko";360,335784339094
"BlueTeamPlayerEDGWink";-138,136672823685
"BlueTeamPlayerEE Raijin";1531,44376861782
"BlueTeamPlayerEF farfetch";1535,60237508272
"BlueTeamPlayerEF Watket";1454,42904053745
"BlueTeamPlayerEINS Lilipp";1325,89391585422
"BlueTeamPlayerEIQ denyk";1389,81668086709
"BlueTeamPlayerEKO Hyorai";2,07599980796059
"BlueTeamPlayerESB FGG";1577,27843613801
"BlueTeamPlayerESBA Marco";1699,6692076765
"BlueTeamPlayerET Viciun";128,223073615936
"BlueTeamPlayerEWI Tockimo";1504,8082712997
"BlueTeamPlayerF0X Fr0zen ";272,965712912677
"BlueTeamPlayerF0X nova1";1010,87217311242
"BlueTeamPlayerFAK Koala";-262,375014192767
"BlueTeamPlayerFAK MnM";-101,561895826795
"BlueTeamPlayerFES Lucky";873,402899805914
"BlueTeamPlayerFLA Momochi";151,20360262244
"BlueTeamPlayerFLH Nio";360,024530542227
"BlueTeamPlayerFLY Busio";61,4015979573499
"BlueTeamPlayerFMS minemaciek";1290,93593711084
"BlueTeamPlayerFNC Mikyx";90,1400479541972
"BlueTeamPlayerFOG B Butcher";1175,85652839112
"BlueTeamPlayerFOG Biskoo";1160,69385966797
"BlueTeamPlayerFPXJwei";-10,8024596902921
"BlueTeamPlayerFSK Kaseko";848,619292346498
"BlueTeamPlayerFSK marlon";876,964757367284
"BlueTeamPlayerFTW Joao";1224,55990457831
"BlueTeamPlayerFTW Ze Luis";451,029089986499
"BlueTeamPlayerFUE Shiku";-418,98836846569
"BlueTeamPlayerFUR JoJo";-337,178925896277
"BlueTeamPlayerFVN Shadow";214,581828338768
"BlueTeamPlayerFX Guigs";43,6768218355305
"BlueTeamPlayerFXW7 Guigs";-138,632877225899
"BlueTeamPlayerG2 Labrov";103,843179277035
"BlueTeamPlayerGAM Elio";61,9379374689292
"BlueTeamPlayerGEN Duro";-80,59466215058
"BlueTeamPlayerGEN Namgung";-245,235537851012
"BlueTeamPlayerGK DeKap";1354,36837377504
"BlueTeamPlayerGL Zoelys";1509,43774234487
"BlueTeamPlayerGLR Sparz";1075,16330772991
"BlueTeamPlayerGLR Sunfry";1964,29847226493
"BlueTeamPlayerGMB Mahonix";192,73204225782
"BlueTeamPlayerGMB Tochas";201,907357467
"BlueTeamPlayerGNG Furby";1108,71748221571
"BlueTeamPlayerGNG Goliath";1314,21860780134
"BlueTeamPlayerGOAL Lucker";1259,35111212589
"BlueTeamPlayerGSMC CENTU";1421,48633770099
"BlueTeamPlayerGSNS Smarty";430,904251860653
"BlueTeamPlayerGTZ Tochas";310,430244003597
"BlueTeamPlayerGTZ Wuis";-276,489020555163
"BlueTeamPlayerGW HONOR";1256,28379930936
"BlueTeamPlayerGX Jun";20,6350317888973
"BlueTeamPlayerGXP Lospa";704,100706668752
"BlueTeamPlayerGZ Keres";-525,319398619958
"BlueTeamPlayerGZ Koala";482,310128521579
"BlueTeamPlayerHELL Wrongo";1083,84954198019
"BlueTeamPlayerHELL ZaFiR";1264,81694303556
"BlueTeamPlayerHKUF Over T1me";-398,193061937514
"BlueTeamPlayerHLE Bluffing";-71,513588367245
"BlueTeamPlayerHLE Delight";-7,72067971033901
"BlueTeamPlayerHOF ThunderPeng";-136,148685041754
"BlueTeamPlayerHPS Kerry";-337,429878181448
"BlueTeamPlayerHRK Hungtwo";-160,591928923919
"BlueTeamPlayerHRK Piccolo";425,299449617752
"BlueTeamPlayerHRTS Kaiser";966,920131084461
"BlueTeamPlayerHVE Bie";252,782448789722
"BlueTeamPlayerICON Tyr";-534,647839642873
"BlueTeamPlayerIE Ackerman";-470,193797307201
"BlueTeamPlayerIGMeiko";2,60012446707246
"BlueTeamPlayerIJC Prime";1452,51176922113
"BlueTeamPlayerIN5 Sw3ry";1352,12085241716
"BlueTeamPlayerIN5 Undefined";1095,76368645926
"BlueTeamPlayerINF Toplop";-212,26689483554
"BlueTeamPlayerING Luknom";1647,95985319198
"BlueTeamPlayerJDGMISSING";-134,269583513384
"BlueTeamPlayerJL Twiizt";1512,52131719365
"BlueTeamPlayerJMGG Polychiki";179,679296237532
"BlueTeamPlayerKAOS Rutzou";956,023384668664
"BlueTeamPlayerKAOS Sniller";293,232232201122
"BlueTeamPlayerKBM Damage";-85,9009921973677
"BlueTeamPlayerKC Targamas";-17,1049187992848
"BlueTeamPlayerKCB Nsurr";875,25094057862
"BlueTeamPlayerKCB Piero";1298,06078592856
"BlueTeamPlayerKCBS Nsurr";648,935538332964
"BlueTeamPlayerKCH OkerumoN";-331,856146953531
"BlueTeamPlayerKHK Visdom";1446,03513659898
"BlueTeamPlayerKMF minemaciek";981,997330965257
"BlueTeamPlayerKT Peter";-71,2552887487095
"BlueTeamPlayerKT Way";-87,5969344323516
"BlueTeamPlayerKYP SouI";167,076470456593
"BlueTeamPlayerLDS Sw3ry";1083,57053171038
"BlueTeamPlayerLDS uden";522,229956591034
"BlueTeamPlayerLEV ProDelta";-262,998673502079
"BlueTeamPlayerLG Zeyzal";442,229112848118
"BlueTeamPlayerLGDYcx";-57,8867487622849
"BlueTeamPlayerLLS LeoLeCargo";844,757028648572
"BlueTeamPlayerLNGZhuo";-255,455077157201
"BlueTeamPlayerLOS sanghyeon";214,473643046362
"BlueTeamPlayerLOUD RedBert";-386,317889360218
"BlueTeamPlayerLOUD Winsome";-444,949787277096
"BlueTeamPlayerLPS Kancolf";54,0665252417333
"BlueTeamPlayerLR Rekkles";1269,26629317249
"BlueTeamPlayerLUA Click";909,908905186168
"BlueTeamPlayerLUP Mood";2091,04772447756
"BlueTeamPlayerLYON Gato";104,52258694569
"BlueTeamPlayerLYON L1";-662,909053582625
"BlueTeamPlayerLYON Lyonz";-23,4540885903165
"BlueTeamPlayerM8 Erdote";1132,54553976061
"BlueTeamPlayerMahonix";160,688538420387
"BlueTeamPlayerMAZ Gastruks";-1326,66593011988
"BlueTeamPlayerMCK Shredder";447,328417598789
"BlueTeamPlayerMCON Mahonix";158,410209314459
"BlueTeamPlayerMCON Scientrist";433,420451850983
"BlueTeamPlayerMCON ScienTrist";485,456801529209
"BlueTeamPlayerMGZ Rilski";1229,52844143027
"BlueTeamPlayerMIE Kocourek";1154,84847093562
"BlueTeamPlayerMISA Batuuu";1386,89603142556
"BlueTeamPlayerMKF kamilius";895,229237204429
"BlueTeamPlayerMKF Treatz";730,045539459881
"BlueTeamPlayerMKOI Alvaro";36,3020881338979
"BlueTeamPlayerMVE XerRay";1892,94290105211
"BlueTeamPlayerMVG Shuhari";-13,9954106665699
"BlueTeamPlayerMVKE SiuLoong";-10,0296419902285
"BlueTeamPlayerMYTH Baul";324,335868405228
"BlueTeamPlayerMYTH Crow";642,669416849274
"BlueTeamPlayerMYTH iana";-232,107320980422
"BlueTeamPlayerNA Biofrost";-81,3221546410871
"BlueTeamPlayerNBS Peto";1449,89668958286
"BlueTeamPlayerNCP Lchallenge";-344,973842509669
"BlueTeamPlayerNF Albino Poro";102,225253671108
"BlueTeamPlayerNGU Kairi";140,930450137009
"BlueTeamPlayerNGX Advienne";1019,00692291836
"BlueTeamPlayerNGX Greedy";872,899702041919
"BlueTeamPlayerNGX Ihebic";1319,62729473695
"BlueTeamPlayerNIPppgod";-41,8383438799973
"BlueTeamPlayerNORD Nash";1073,9996116842
"BlueTeamPlayerNORD Treatz";964,502355214256
"BlueTeamPlayerNS Crack";-136,211284288612
"BlueTeamPlayerNS Lehends";-254,342742452979
"BlueTeamPlayerNS vital";-431,883782499833
"BlueTeamPlayerOAE Mystiques";746,181292375857
"BlueTeamPlayerOAE Raxxo";1026,27080679271
"BlueTeamPlayerODD Miracle2";-438,00631433019
"BlueTeamPlayerODD Relax";-315,921193576604
"BlueTeamPlayerODD Toayin";-345,565207531401
"BlueTeamPlayerOMGMoham";-244,248107364079
"BlueTeamPlayerOSC Rozpier";517,583542481018
"BlueTeamPlayerOUAT kero ";356,753216045809
"BlueTeamPlayerOUAT kkero";-25,4499588204366
"BlueTeamPlayerPAIN Kuri";-52,496050343097
"BlueTeamPlayerPK Mun";-70,5260337535456
"BlueTeamPlayerPK yerikan";1870,32337400677
"BlueTeamPlayerPLS Tubs";278,143706142322
"BlueTeamPlayerPXS Tasteless";1043,82232082479
"BlueTeamPlayerQTD hetel";-419,137005964242
"BlueTeamPlayerRATZ Krastymel";10,3526751314764
"BlueTeamPlayerRBT Pyrka";535,029756400632
"BlueTeamPlayerRBT Rhuckz";532,615024902231
"BlueTeamPlayerRC Raina";45,2030841240596
"BlueTeamPlayerRED frosty";-249,443411753004
"BlueTeamPlayerRED uZent";226,827595151099
"BlueTeamPlayerRFS Leo D Aras";1303,0140148392
"BlueTeamPlayerRFS ZaFiR";553,208485521742
"BlueTeamPlayerRG eskii";902,610230689485
"BlueTeamPlayerRG NoDu";1166,60728991241
"BlueTeamPlayerRGE Execute";-19,3048814427163
"BlueTeamPlayerRISE zay";225,950643147036
"BlueTeamPlayerRNGLele";-287,292173071958
"BlueTeamPlayerRNGNiket";-461,695049109542
"BlueTeamPlayerROSS Wildenbruch";1418,10424211044
"BlueTeamPlayerRS Hustlin";1170,50956281053
"BlueTeamPlayerRS marlon";1016,08285635985
"BlueTeamPlayerSCCP Manel";-66,2120960684925
"BlueTeamPlayerSCCP Telas";429,593912447745
"BlueTeamPlayerSDM Baula";-107,837918902578
"BlueTeamPlayerSDM Kanra";-804,123762828047
"BlueTeamPlayerSDM Starhide";-288,173065358168
"BlueTeamPlayerSGE Veignorem";1422,84049990013
"BlueTeamPlayerSHG Gaeng";482,98530657022
"BlueTeamPlayerSIC Bardito";-82,6001724708781
"BlueTeamPlayerSK Loopy";132,994649627257
"BlueTeamPlayerSLY Mersa";1329,81098996308
"BlueTeamPlayerSN RHINO";62,0649212897966
"BlueTeamPlayerSNSH Anthrax";429,989651013022
"BlueTeamPlayerSNSH John P";-246,785107541765
"BlueTeamPlayerSNSH Nightmares";-245,576961646268
"BlueTeamPlayerSPK Passzi";957,348851001528
"BlueTeamPlayerSQG Odessa";-227,987166115962
"BlueTeamPlayerSR Ceos";-58,1549506699103
"BlueTeamPlayerSR Zeyzal";-153,850425882987
"BlueTeamPlayerSSE TQ";-55,5189414821436
"BlueTeamPlayerSTAR Endz";1277,56711243788
"BlueTeamPlayerSTAR Kenty Domas";846,417749406149
"BlueTeamPlayerSTAR Raxxo";515,400845046706
"BlueTeamPlayerSTE Cavalo";90,4782210822869
"BlueTeamPlayerSUP Carry";1341,23802124162
"BlueTeamPlayerT1 Cloud ";-341,529866251088
"BlueTeamPlayerT1 Keria";-20,3481483615786
"BlueTeamPlayerTES Crisp";-459,593139393751
"BlueTeamPlayerTESCrisp";-76,965101707008
"BlueTeamPlayerTF Soraaa";437,642757125167
"BlueTeamPlayerTH Stend";-48,2028301093288
"BlueTeamPlayerTL CoreJJ";43,3961179743899
"BlueTeamPlayerTLN Woody";218,736913945774
"BlueTeamPlayerTLNA Orca";-147,508487227411
"BlueTeamPlayerTML Freestyle";1301,55549456704
"BlueTeamPlayerTNI VaSKED";1605,64223232282
"BlueTeamPlayerTOG Infoneral";1406,6311920778
"BlueTeamPlayerTP REAVER";1171,68826818129
"BlueTeamPlayerTPX Paparotis";1641,36094707245
"BlueTeamPlayerTPX Seal";1063,24702649723
"BlueTeamPlayerTPX Sparz";1541,59308048293
"BlueTeamPlayerTS Tahahy";384,013113579916
"BlueTeamPlayerTSC Gaarfield";946,995125193282
"BlueTeamPlayerTSW Taki";332,350473713462
"BlueTeamPlayerTTFeather";-231,031204427316
"BlueTeamPlayerUCAM iLevi";853,444163281745
"BlueTeamPlayerULF Joexy";1317,09158707942
"BlueTeamPlayerULF Mxe";1535,62499644474
"BlueTeamPlayerUNIT Robko";NA
"BlueTeamPlayerUNIT Wuis";1258,01124506128
"BlueTeamPlayerUPRosielove";-493,581229521067
"BlueTeamPlayerUPXiaoxia";-93,2201196577046
"BlueTeamPlayerUSE seaz";1754,73246632504
"BlueTeamPlayerUW MattyNarcy";219,647922562902
"BlueTeamPlayerV3 Sh1vq";-534,057986258938
"BlueTeamPlayerVER Obstinatus";1066,71323693466
"BlueTeamPlayerVIT Hylissang";-219,944697493545
"BlueTeamPlayerVIT Nisqy";-77,2666643967031
"BlueTeamPlayerVITB Fleshy";1573,08477823759
"BlueTeamPlayerVK Sag1rii";-984,266160220733
"BlueTeamPlayerVKS scamber";82,2385559323334
"BlueTeamPlayerVKS Trymbi";-51,2285028168172
"BlueTeamPlayerVLY OSaKi";-126,690707268644
"BlueTeamPlayerVNC Lori";843,600561794127
"BlueTeamPlayerVNC Wendel";1045,56159935985
"BlueTeamPlayerVVV Thomas";516,284119020389
"BlueTeamPlayerWAP Chordy";-891,153473863098
"BlueTeamPlayerWAP Fortu";-268,039420530777
"BlueTeamPlayerWBGErha";-61,454996276287
"BlueTeamPlayerWBGHang";-79,3887261682213
"BlueTeamPlayerWD REDFERNAL";206,12524297492
"BlueTeamPlayerWEVampire";-96,1195417756505
"BlueTeamPlayerWIN besu";-38,0552354443936
"BlueTeamPlayerWLG Bananitoo";1275,597846625
"BlueTeamPlayerWLG Gordinho";702,973643479181
"BlueTeamPlayerWP Kino";-125,416425810444
"BlueTeamPlayerWT TNS";-573,386856262365
"BlueTeamPlayerWU Only35";259,149644513137
"BlueTeamPlayerYYG Magus";-74,2271722308266
"BlueTeamPlayerYYG Taiyaki";-292,670464997002
"BlueTeamPlayerZ10 Enkil";1537,17873663136
"BlueTeamPlayerZ10 JACTROLL";1040,28416836981
"BlueTeamPlayerZ5 Ichiwin";-40,4210726611061
"BlueTeamPlayerZENA AkHasspun";47,6484474074404
"BlueTeamPlayerZENA Kodie";-367,214609952869
"BlueTeamPlayerZENA OrthoZero";606,898116648014
"BlueTeamPlayerZNT J3rkie";608,461373189055
"BlueTeamPlayerZTA escoX";724,414697404081
"BlueTeamPlayerZZG Antos";-96,7998149369563
"BlueTeamPlayerZZG Impp";-547,191294604467
"RedTeamPlayer1M Frozenn1";-1202,15549903761
"RedTeamPlayer1M Leo S Man";-1039,66236046728
"RedTeamPlayer7D Fortu";1326,21438851473
"RedTeamPlayer7D Max";278,346072698919
"RedTeamPlayerACE Player 2";NA
"RedTeamPlayerAFW HungryPanda";-1180,85873452902
"RedTeamPlayerALKael";99,5010403604054
"RedTeamPlayerAMI Pockus";-340,707019853034
"RedTeamPlayerANB B Butcher";-1003,79980684449
"RedTeamPlayerANC Paulcannon";-125,829023467011
"RedTeamPlayerANK Burence";-1320,29840014941
"RedTeamPlayerAOMA Stookbeer";-325,203559665993
"RedTeamPlayerAOMA Urban";-181,725282515655
"RedTeamPlayerAPM Roo";-1272,71155532327
"RedTeamPlayerAPM Xavi";-800,75681582478
"RedTeamPlayerARA Ducks";-123,132817727647
"RedTeamPlayerARA Ipecacuhana";-294,076025898856
"RedTeamPlayerARA Staargazing";217,866049678709
"RedTeamPlayerAXL justcan";-180,772328716089
"RedTeamPlayerB2TG Czypsy";-914,629170898189
"RedTeamPlayerBAM Biskoo";-223,364265463842
"RedTeamPlayerBAM Goliath";-876,247890946408
"RedTeamPlayerBAM Klownz";-345,305767220904
"RedTeamPlayerBAR whiteinn";-665,940625526371
"RedTeamPlayerBCT Enapon";46,5173449096237
"RedTeamPlayerBCT JustFocus";43,6337938146196
"RedTeamPlayerBDG Kasing";-975,833476691457
"RedTeamPlayerBDS Parus";108,125276866737
"RedTeamPlayerBDSA Myrtus";-1251,24352151407
"RedTeamPlayerBE5 Lauxio";-956,643612939371
"RedTeamPlayerBER Berimbau";NA
"RedTeamPlayerBFX Career";335,801186728253
"RedTeamPlayerBFX Kellin";322,468144368916
"RedTeamPlayerBGT Patch";-1338,18424643988
"RedTeamPlayerBIG LIMIT";-1479,2961864197
"RedTeamPlayerBJK Paixdia";-1460,78558469077
"RedTeamPlayerBKD anakin";244,489379608352
"RedTeamPlayerBKR Doss";-1280,89884016373
"RedTeamPlayerBLDP Baut";-1593,52660184139
"RedTeamPlayerBLDP Mxe";-1447,74605292398
"RedTeamPlayerBLDP Nash";-1269,89699275534
"RedTeamPlayerBLGON";181,393754459916
"RedTeamPlayerBLUE rovex";-46,1762446733464
"RedTeamPlayerBRO Kice";532,478771215253
"RedTeamPlayerBRO Pollu";296,605871884999
"RedTeamPlayerBRT Mita";-1529,45144322657
"RedTeamPlayerBVL Fake1";232,309655232233
"RedTeamPlayerBVL GOODTRY";35,3546181400234
"RedTeamPlayerBVL Snow Panda";620,076711003517
"RedTeamPlayerBW monkaS";-1373,30507154704
"RedTeamPlayerBW Pbd";-945,156553252829
"RedTeamPlayerBWE manuemdo";NA
"RedTeamPlayerC9 Vulcan";-54,27508915137
"RedTeamPlayerCBC Biob";258,219642364932
"RedTeamPlayerCBC Totoro1";455,745214186352
"RedTeamPlayerCCG Breezy";-175,466274410949
"RedTeamPlayerCFO Kaiwing";-128,740616680371
"RedTeamPlayerCFOA 2274";729,976257541426
"RedTeamPlayerCG Seneca";-450,598020173287
"RedTeamPlayerCGN Lucky";-1562,8455940998
"RedTeamPlayerCHF Luon";13,8801568519268
"RedTeamPlayerCK GOMAMUGICHA";377,476737796344
"RedTeamPlayerCK Ls ";876,656348309788
"RedTeamPlayerCKZ Kotva";-753,508742977704
"RedTeamPlayerCNA Burence";-835,55430256417
"RedTeamPlayerCNA Shyr0";-865,024880594489
"RedTeamPlayerCNV Minui";-323,307105138716
"RedTeamPlayerCRZ NoDu";-114,11498712277
"RedTeamPlayerCZV Sekkou";-1010,53725920298
"RedTeamPlayerDCG ShiauC";340,483682312031
"RedTeamPlayerDFM Harp";-45,6508623690557
"RedTeamPlayerDFMA kurahuto";186,605342341284
"RedTeamPlayerDG toraneko";447,946186999376
"RedTeamPlayerDIG Isles";118,885261926598
"RedTeamPlayerDINO Callian";-50,2836824348205
"RedTeamPlayerDK Berr";433,26729962856
"RedTeamPlayerDK BeryL";193,48155546524
"RedTeamPlayerDK Thumb";423,120503821299
"RedTeamPlayerDM Charley";392,56112120626
"RedTeamPlayerDM Dragonblood";154,030282823023
"RedTeamPlayerDMG Calmsky";-907,732614513393
"RedTeamPlayerDND Efias";-948,207666230315
"RedTeamPlayerDND Lucky";-1325,08065316199
"RedTeamPlayerDNE Furby";-1198,06467659816
"RedTeamPlayerDNE Kolios";-1438,65064450307
"RedTeamPlayerDNET Marlley";-1025,93485400681
"RedTeamPlayerDNF Life";361,864274150695
"RedTeamPlayerDNF Minous";608,650838383087
"RedTeamPlayerDNF Quantum ";142,56969619432
"RedTeamPlayerDOC smifi";-857,839406031668
"RedTeamPlayerDPM Bulas";157,038664276765
"RedTeamPlayerDRX Andil";383,795989522077
"RedTeamPlayerDRX Pleata";382,209085310048
"RedTeamPlayerDSG huhi";39,4495916532263
"RedTeamPlayerDVG TIMR";-1631,44374059845
"RedTeamPlayerDVKM Vander";-645,941106323264
"RedTeamPlayerDVX AwerpiS";-1369,6259500873
"RedTeamPlayerDZ Cryogen";245,636899299225
"RedTeamPlayerDZ Zyko";-712,07941416667
"RedTeamPlayerEDGWink";242,916271881708
"RedTeamPlayerEE Raijin";-1701,49979163534
"RedTeamPlayerEF farfetch";-1274,30933951488
"RedTeamPlayerEF Watket";-1204,71706883331
"RedTeamPlayerEINS Lilipp";-1461,59818398271
"RedTeamPlayerEIQ denyk";-1365,82123612703
"RedTeamPlayerEKO Hyorai";-357,010605861226
"RedTeamPlayerEKO Rexat";NA
"RedTeamPlayerESB FGG";-1146,11642496842
"RedTeamPlayerESBA Marco";-1391,47555406366
"RedTeamPlayerET Feitan";1155,76478067945
"RedTeamPlayerET Viciun";614,912994915243
"RedTeamPlayerEWI Tockimo";-974,254518958047
"RedTeamPlayerEXE Sobakk";-1275,65992869027
"RedTeamPlayerF0X Fr0zen ";-1116,80850347982
"RedTeamPlayerF0X nova1";-874,39232601165
"RedTeamPlayerFAK Koala";265,107085777716
"RedTeamPlayerFAK MnM";235,114334594305
"RedTeamPlayerFES Lucky";-971,356463664892
"RedTeamPlayerFLA Momochi";168,918884753798
"RedTeamPlayerFLH Nio";-635,461691865875
"RedTeamPlayerFLY Busio";192,383520145029
"RedTeamPlayerFMS minemaciek";-1052,06490281461
"RedTeamPlayerFNC Mikyx";76,7311248331232
"RedTeamPlayerFOG B Butcher";-1520,54970670248
"RedTeamPlayerFOG Biskoo";-911,029839205441
"RedTeamPlayerFPXJwei";188,873788262815
"RedTeamPlayerFSK Kaseko";-1039,1234301569
"RedTeamPlayerFSK marlon";-722,35958587586
"RedTeamPlayerFTW Ze Luis";-203,336588645415
"RedTeamPlayerFUE Shiku";365,601277864393
"RedTeamPlayerFUR JoJo";358,299216430286
"RedTeamPlayerFVN Shadow";-127,103580291831
"RedTeamPlayerFX Guigs";838,794673942314
"RedTeamPlayerFXW7 Guigs";689,642543562697
"RedTeamPlayerG2 Labrov";-11,9182715777947
"RedTeamPlayerGAM Elio";4,23719243629134
"RedTeamPlayerGEN Duro";128,431337678484
"RedTeamPlayerGEN Namgung";407,187872933751
"RedTeamPlayerGK DeKap";-1269,74092312831
"RedTeamPlayerGL Zoelys";-1228,7884575034
"RedTeamPlayerGLR Sparz";-1161,60833550207
"RedTeamPlayerGLR Sunfry";-1266,48131225721
"RedTeamPlayerGMB Mahonix";147,091124537864
"RedTeamPlayerGMB Snake";162,141664717738
"RedTeamPlayerGMB Tochas";-177,87964556732
"RedTeamPlayerGNG Furby";-913,550056538947
"RedTeamPlayerGNG Goliath";-909,030316394782
"RedTeamPlayerGOAL Lucker";-1215,57277506902
"RedTeamPlayerGSMC CENTU";-1186,37009515116
"RedTeamPlayerGSNS Smarty";-691,670761591584
"RedTeamPlayerGTZ Wuis";-140,262513311073
"RedTeamPlayerGUP Ricarderix";NA
"RedTeamPlayerGW HONOR";-1108,16358011443
"RedTeamPlayerGX Jun";95,0387658982397
"RedTeamPlayerGXP Lospa";-728,680086136367
"RedTeamPlayerGZ Keres";163,243496725929
"RedTeamPlayerGZ Koala";731,907281757957
"RedTeamPlayerHELL Wrongo";-989,409447914012
"RedTeamPlayerHELL ZaFiR";-911,656807081103
"RedTeamPlayerHKUF Over T1me";284,922627423271
"RedTeamPlayerHLE Bluffing";405,897965896731
"RedTeamPlayerHLE Delight";72,4712224744181
"RedTeamPlayerHOF Crisrock";575,978493756031
"RedTeamPlayerHOF Pyoox";NA
"RedTeamPlayerHOF ThunderPeng";-65,6560710384075
"RedTeamPlayerHPS Kerry";460,709067770596
"RedTeamPlayerHRK Piccolo";-37,4071732956128
"RedTeamPlayerHRTS Kaiser";-611,070623266418
"RedTeamPlayerHVE Bie";-556,973817262197
"RedTeamPlayerICON BetaTwinz";300,649603592082
"RedTeamPlayerICON Tyr";337,609135473421
"RedTeamPlayerIE Ackerman";487,686642656519
"RedTeamPlayerIGMeiko";211,260120796703
"RedTeamPlayerIJC Prime";-1110,67929358495
"RedTeamPlayerIN5 Sw3ry";-284,885700407207
"RedTeamPlayerIN5 Undefined";-765,962876865948
"RedTeamPlayerINF Toplop";143,017125737799
"RedTeamPlayerING Luknom";NA
"RedTeamPlayerJDGMISSING";228,835471746814
"RedTeamPlayerJL Twiizt";-1004,17841531987
"RedTeamPlayerJMGG Polychiki";-45,4507025246534
"RedTeamPlayerKAOS Rutzou";-780,367758472126
"RedTeamPlayerKAOS Sniller";-786,432051263827
"RedTeamPlayerKBM Damage";-250,572346565087
"RedTeamPlayerKC Targamas";99,4378069288099
"RedTeamPlayerKCB Nsurr";-1262,33028753697
"RedTeamPlayerKCB Piero";-1399,7182741649
"RedTeamPlayerKCBS Nsurr";-223,243708663359
"RedTeamPlayerKCH OkerumoN";332,161830203611
"RedTeamPlayerKHK Visdom";-1654,89138683095
"RedTeamPlayerKMF minemaciek";-826,208575177104
"RedTeamPlayerKOI kamilius";-482,900704841186
"RedTeamPlayerKT Peter";299,138867426638
"RedTeamPlayerKT Way";279,583320223216
"RedTeamPlayerKYP SouI";188,787420522093
"RedTeamPlayerLDS Sw3ry";-1122,57537801513
"RedTeamPlayerLDS uden";-702,48963719969
"RedTeamPlayerLEV ProDelta";180,765663527107
"RedTeamPlayerLG Zeyzal";-265,714003785926
"RedTeamPlayerLGDYcx";131,903175928765
"RedTeamPlayerLLS LeoLeCargo";-855,278055538003
"RedTeamPlayerLNGZhuo";341,670690418575
"RedTeamPlayerLOS sanghyeon";69,0413469727358
"RedTeamPlayerLOUD RedBert";640,325741765475
"RedTeamPlayerLOUD Winsome";112,263457933403
"RedTeamPlayerLPS Kancolf";235,12504312974
"RedTeamPlayerLR Rekkles";-1087,98417030341
"RedTeamPlayerLUA Click";-555,949436392234
"RedTeamPlayerLUP Mood";-1080,40574002397
"RedTeamPlayerLYON Gato";577,415740307753
"RedTeamPlayerLYON L1";48,9736803679649
"RedTeamPlayerLYON Lyonz";406,446551800548
"RedTeamPlayerM8 Erdote";-1198,00904687247
"RedTeamPlayerMahonix";95,8073535036185
"RedTeamPlayerMAZ Gastruks";-4,62777571198918
"RedTeamPlayerMCK Shredder";-475,446059447436
"RedTeamPlayerMCON Mahonix";-183,8496171152
"RedTeamPlayerMCON Scientrist";-777,497531616073
"RedTeamPlayerMCON ScienTrist";-298,335149503538
"RedTeamPlayerMIE Kocourek";-1193,04591945965
"RedTeamPlayerMISA Batuuu";-1293,38906200092
"RedTeamPlayerMKF kamilius";-652,848002415163
"RedTeamPlayerMKF Treatz";-558,0162174453
"RedTeamPlayerMKOI Alvaro";-57,191250624662
"RedTeamPlayerMVE XerRay";-1210,77797706225
"RedTeamPlayerMVG Shuhari";134,426764047874
"RedTeamPlayerMVKE SiuLoong";-35,9533831790413
"RedTeamPlayerMYTH Baul";-256,99432840825
"RedTeamPlayerMYTH Crow";311,426934979771
"RedTeamPlayerMYTH Fla01";-244,756327410497
"RedTeamPlayerMYTH iana";-435,806449828416
"RedTeamPlayerNA Biofrost";-237,30044338465
"RedTeamPlayerNA Kelpo";-454,065344252285
"RedTeamPlayerNBS Peto";-1401,36320800266
"RedTeamPlayerNCP Lchallenge";-221,289472351173
"RedTeamPlayerNGU Kairi";113,369637241594
"RedTeamPlayerNGX Advienne";-1761,53272516794
"RedTeamPlayerNGX Greedy";-742,920986606226
"RedTeamPlayerNGX Ihebic";-326,00187133969
"RedTeamPlayerNIPppgod";162,93796027218
"RedTeamPlayerNORD Nash";-777,562823382915
"RedTeamPlayerNORD Treatz";-1336,70207143429
"RedTeamPlayerNS Crack";330,930944749649
"RedTeamPlayerNS Lehends";140,880664191889
"RedTeamPlayerNS vital";37,7109555827925
"RedTeamPlayerNT Kwebz";-60,0567259686701
"RedTeamPlayerOAE Mystiques";-636,950995068419
"RedTeamPlayerOAE Raxxo";-1078,25684082169
"RedTeamPlayerODD Miracle2";-1876,7271218011
"RedTeamPlayerODD Relax";244,862760344504
"RedTeamPlayerODD Toayin";729,969531055955
"RedTeamPlayerODD Tyr";806,204566587516
"RedTeamPlayerOMGMoham";164,3666071766
"RedTeamPlayerOSC Kwebz1";766,365139246506
"RedTeamPlayerOSC RaFaL";-323,370416878835
"RedTeamPlayerOSC Rozpier";421,818576973589
"RedTeamPlayerOUAT kero ";149,212352934336
"RedTeamPlayerOUAT kkero";-253,420612382371
"RedTeamPlayerPAIN Kuri";333,531524196929
"RedTeamPlayerPK Mun";212,286628139186
"RedTeamPlayerPK yerikan";-185,445227274957
"RedTeamPlayerPLS Tubs";-172,502258207023
"RedTeamPlayerPXS Tasteless";NA
"RedTeamPlayerQTD hetel";273,400342130392
"RedTeamPlayerRATZ Krastymel";-9,25576433443501
"RedTeamPlayerRBT Pyrka";-939,349941989138
"RedTeamPlayerRBT Rhuckz";-700,103906500051
"RedTeamPlayerRC Raina";-285,980922982619
"RedTeamPlayerRED frosty";290,543742214463
"RedTeamPlayerRED uZent";-302,777633640962
"RedTeamPlayerRFS jimsnop";-346,211873612766
"RedTeamPlayerRFS Leo D Aras";-598,930907025179
"RedTeamPlayerRFS ZaFiR";-1518,72180077458
"RedTeamPlayerRG eskii";-861,807350816404
"RedTeamPlayerRG NoDu";-418,050214708983
"RedTeamPlayerRGE Execute";-16,081024739691
"RedTeamPlayerRISE zay";92,7080214786112
"RedTeamPlayerRNGLele";386,043100355402
"RedTeamPlayerRNGNiket";306,851318621782
"RedTeamPlayerROSS Wildenbruch";-1277,99549966146
"RedTeamPlayerRS Hustlin";-833,237384905713
"RedTeamPlayerRS marlon";-1376,9771104512
"RedTeamPlayerSCCP Manel";-71,2841545130901
"RedTeamPlayerSCCP Telas";515,275412310483
"RedTeamPlayerSDM Baula";600,565122949625
"RedTeamPlayerSDM Kanra";NA
"RedTeamPlayerSDM Starhide";758,260524176298
"RedTeamPlayerSG hetel";-71,7115107875207
"RedTeamPlayerSGE Veignorem";-1138,01895019901
"RedTeamPlayerSHG Gaeng";-71,5775219993217
"RedTeamPlayerSIC Bardito";307,262232040861
"RedTeamPlayerSK Loopy";180,882427535554
"RedTeamPlayerSLY Mersa";-1518,73300173172
"RedTeamPlayerSN RHINO";-148,322868325104
"RedTeamPlayerSNSH Anthrax";39,127333764471
"RedTeamPlayerSNSH John P";99,7989803289544
"RedTeamPlayerSNSH Nightmares";15,988945876334
"RedTeamPlayerSPK Passzi";-1112,30474736856
"RedTeamPlayerSQG Odessa";299,003438947947
"RedTeamPlayerSR Ceos";-25,4328255218267
"RedTeamPlayerSR Zeyzal";150,869323135707
"RedTeamPlayerST1 Juarezz";-305,858805930899
"RedTeamPlayerSTAR Kenty Domas";-1027,63179058992
"RedTeamPlayerSTAR Raxxo";-847,855860859853
"RedTeamPlayerSTE Cavalo";-90,6464538297345
"RedTeamPlayerSUP Carry";-1157,33705328386
"RedTeamPlayerT1 Cloud ";248,366381642237
"RedTeamPlayerT1 Keria";174,799144926921
"RedTeamPlayerTES Crisp";254,914330782179
"RedTeamPlayerTESCrisp";229,31406406323
"RedTeamPlayerTF Soraaa";-176,960966289205
"RedTeamPlayerTH Stend";235,401682080315
"RedTeamPlayerTL CoreJJ";-72,0351017959569
"RedTeamPlayerTLN Woody";-147,081827008339
"RedTeamPlayerTLNA Orca";174,364262583874
"RedTeamPlayerTNI VaSKED";-1121,69145134922
"RedTeamPlayerTOG Infoneral";-1306,19122803716
"RedTeamPlayerTP REAVER";-1040,82549004324
"RedTeamPlayerTPX Chova";-761,100990410791
"RedTeamPlayerTPX Seal";-1012,06847519014
"RedTeamPlayerTPX Sparz";-1053,2733206203
"RedTeamPlayerTS Tahahy";NA
"RedTeamPlayerTSC Gaarfield";-1322,00443265459
"RedTeamPlayerTSW Taki";63,2975481904485
"RedTeamPlayerTTFeather";222,268965311874
"RedTeamPlayerUCAM iLevi";-694,151967624498
"RedTeamPlayerULF Joexy";-1135,8034695667
"RedTeamPlayerULF Mxe";-882,753768665526
"RedTeamPlayerUNIT Robko";-1824,7958795782
"RedTeamPlayerUNIT Wuis";-881,519007184861
"RedTeamPlayerUPRosielove";437,42121736112
"RedTeamPlayerUPXiaoxia";525,322724078921
"RedTeamPlayerUSE seaz";-1211,14603681983
"RedTeamPlayerUW MattyNarcy";637,416016539777
"RedTeamPlayerV3 Sh1vq";-261,313730230889
"RedTeamPlayerVEL fuki";598,796612155282
"RedTeamPlayerVER Obstinatus";-923,436705691367
"RedTeamPlayerVIT Hylissang";37,5081767602785
"RedTeamPlayerVIT Nisqy";85,4585933095774
"RedTeamPlayerVITB Fleshy";-1382,73652436457
"RedTeamPlayerVKS scamber";NA
"RedTeamPlayerVKS Trymbi";423,372103745162
"RedTeamPlayerVLY OSaKi";655,051240627354
"RedTeamPlayerVNC Lori";-678,472905255208
"RedTeamPlayerVNC Wendel";-885,429185398742
"RedTeamPlayerVVV Thomas";-602,624068125151
"RedTeamPlayerWAP Chordy";1096,31227293396
"RedTeamPlayerWAP Fortu";NA
"RedTeamPlayerWBGErha";245,324385711042
"RedTeamPlayerWBGHang";240,765215871002
"RedTeamPlayerWD REDFERNAL";132,626077918349
"RedTeamPlayerWEVampire";NA
"RedTeamPlayerWIN besu";312,082099756087
"RedTeamPlayerWLG Bananitoo";-1074,50495866531
"RedTeamPlayerWP Kino";150,237608781669
"RedTeamPlayerWT TNS";NA
"RedTeamPlayerWU Only35";NA
"RedTeamPlayerYYG Magus";368,926722092828
"RedTeamPlayerYYG Taiyaki";NA
"RedTeamPlayerZ10 Enkil";-1235,50197782328
"RedTeamPlayerZ10 JACTROLL";-1130,29453811623
"RedTeamPlayerZ5 Ichiwin";NA
"RedTeamPlayerZENA AkHasspun";-10,7412365231808
"RedTeamPlayerZENA Kodie";782,703339626464
"RedTeamPlayerZENA OrthoZero";345,47891530066
"RedTeamPlayerZNT J3rkie";-56,9200349407519
"RedTeamPlayerZTA escoX";-187,180782895523
"RedTeamPlayerZZG Antos";NA
"RedTeamPlayerZZG Impp";NA
